# Properties of the structure model
# ElemNr |  x_start [m] | x_end [m] | x_mid [m] | Cross section ly [m] | Cross section lz [m] | Area [m^2] | Shear area_sy  [m^2] | Shear area_sz  [m^2] | Moment of inertia Iy [m^4] | Moment of inertia Iz [m^4] | Torsion constant It  [m^4] | Polar moment of inertia Ip [m^4] | Relative shear factor Py  [-] | Relative shear factor Pz  [-] | Mass m  [kg] - Total mass 56718371.034 [kg]
0 0.000 4.630 2.315 55.000 55.000 3025.000 93.363 1.018 762552.063 41625454.285 2442270.363 26469334.129 549157.421 922188.921 1050340.204
1 4.630 9.259 6.944 55.000 55.000 3025.000 93.363 1.018 762552.063 41625454.285 2442270.363 26469334.129 549157.421 922188.921 1050340.204
2 9.259 13.889 11.574 55.000 55.000 3025.000 93.363 1.018 762552.063 41625454.285 2442270.363 26469334.129 549157.421 922188.921 1050340.204
3 13.889 18.519 16.204 55.000 55.000 3025.000 93.363 1.018 762552.063 41625454.285 2442270.363 26469334.129 549157.421 922188.921 1050340.204
4 18.519 23.148 20.833 55.000 55.000 3025.000 93.363 1.018 762552.063 41625454.285 2442270.363 26469334.129 549157.421 922188.921 1050340.204
5 23.148 27.778 25.463 55.000 55.000 3025.000 93.363 1.018 762552.063 41625454.285 2442270.363 26469334.129 549157.421 922188.921 1050340.204
6 27.778 32.407 30.093 55.000 55.000 3025.000 93.363 1.018 762552.063 41625454.285 2442270.363 26469334.129 549157.421 922188.921 1050340.204
7 32.407 37.037 34.722 55.000 55.000 3025.000 93.363 1.018 762552.063 41625454.285 2442270.363 26469334.129 549157.421 922188.921 1050340.204
8 37.037 41.667 39.352 55.000 55.000 3025.000 93.363 1.018 762552.063 41625454.285 2442270.363 26469334.129 549157.421 922188.921 1050340.204
9 41.667 46.296 43.981 55.000 55.000 3025.000 93.363 1.018 762552.063 41625454.285 2442270.363 26469334.129 549157.421 922188.921 1050340.204
10 46.296 50.926 48.611 55.000 55.000 3025.000 93.363 1.018 762552.063 41625454.285 2442270.363 26469334.129 549157.421 922188.921 1050340.204
11 50.926 55.556 53.241 55.000 55.000 3025.000 93.363 1.018 762552.063 41625454.285 2442270.363 26469334.129 549157.421 922188.921 1050340.204
12 55.556 60.185 57.870 55.000 55.000 3025.000 93.363 1.018 762552.063 41625454.285 2442270.363 26469334.129 549157.421 922188.921 1050340.204
13 60.185 64.815 62.500 55.000 55.000 3025.000 93.363 1.018 762552.063 41625454.285 2442270.363 26469334.129 549157.421 922188.921 1050340.204
14 64.815 69.444 67.130 55.000 55.000 3025.000 93.363 1.018 762552.063 41625454.285 2442270.363 26469334.129 549157.421 922188.921 1050340.204
15 69.444 74.074 71.759 55.000 55.000 3025.000 93.363 1.018 762552.063 41625454.285 2442270.363 26469334.129 549157.421 922188.921 1050340.204
16 74.074 78.704 76.389 55.000 55.000 3025.000 93.363 1.018 762552.063 41625454.285 2442270.363 26469334.129 549157.421 922188.921 1050340.204
17 78.704 83.333 81.019 55.000 55.000 3025.000 93.363 1.018 762552.063 41625454.285 2442270.363 26469334.129 549157.421 922188.921 1050340.204
18 83.333 87.963 85.648 55.000 55.000 3025.000 93.363 1.018 762552.063 41625454.285 2442270.363 26469334.129 549157.421 922188.921 1050340.204
19 87.963 92.593 90.278 55.000 55.000 3025.000 93.363 1.018 762552.063 41625454.285 2442270.363 26469334.129 549157.421 922188.921 1050340.204
20 92.593 97.222 94.907 55.000 55.000 3025.000 93.363 1.018 762552.063 41625454.285 2442270.363 26469334.129 549157.421 922188.921 1050340.204
21 97.222 101.852 99.537 55.000 55.000 3025.000 93.363 1.018 762552.063 41625454.285 2442270.363 26469334.129 549157.421 922188.921 1050340.204
22 101.852 106.481 104.167 55.000 55.000 3025.000 93.363 1.018 762552.063 41625454.285 2442270.363 26469334.129 549157.421 922188.921 1050340.204
23 106.481 111.111 108.796 55.000 55.000 3025.000 93.363 1.018 762552.063 41625454.285 2442270.363 26469334.129 549157.421 922188.921 1050340.204
24 111.111 115.741 113.426 55.000 55.000 3025.000 93.363 1.018 762552.063 41625454.285 2442270.363 26469334.129 549157.421 922188.921 1050340.204
25 115.741 120.370 118.056 55.000 55.000 3025.000 93.363 1.018 762552.063 41625454.285 2442270.363 26469334.129 549157.421 922188.921 1050340.204
26 120.370 125.000 122.685 55.000 55.000 3025.000 93.363 1.018 762552.063 41625454.285 2442270.363 26469334.129 549157.421 922188.921 1050340.204
27 125.000 129.630 127.315 55.000 55.000 3025.000 93.363 1.018 762552.063 41625454.285 2442270.363 26469334.129 549157.421 922188.921 1050340.204
28 129.630 134.259 131.944 55.000 55.000 3025.000 93.363 1.018 762552.063 41625454.285 2442270.363 26469334.129 549157.421 922188.921 1050340.204
29 134.259 138.889 136.574 55.000 55.000 3025.000 93.363 1.018 762552.063 41625454.285 2442270.363 26469334.129 549157.421 922188.921 1050340.204
30 138.889 143.519 141.204 55.000 55.000 3025.000 93.363 1.018 762552.063 41625454.285 2442270.363 26469334.129 549157.421 922188.921 1050340.204
31 143.519 148.148 145.833 55.000 55.000 3025.000 93.363 1.018 762552.063 41625454.285 2442270.363 26469334.129 549157.421 922188.921 1050340.204
32 148.148 152.778 150.463 55.000 55.000 3025.000 93.363 1.018 762552.063 41625454.285 2442270.363 26469334.129 549157.421 922188.921 1050340.204
33 152.778 157.407 155.093 55.000 55.000 3025.000 93.363 1.018 762552.063 41625454.285 2442270.363 26469334.129 549157.421 922188.921 1050340.204
34 157.407 162.037 159.722 55.000 55.000 3025.000 93.363 1.018 762552.063 41625454.285 2442270.363 26469334.129 549157.421 922188.921 1050340.204
35 162.037 166.667 164.352 55.000 55.000 3025.000 93.363 1.018 762552.063 41625454.285 2442270.363 26469334.129 549157.421 922188.921 1050340.204
36 166.667 171.296 168.981 55.000 55.000 3025.000 93.363 1.018 762552.063 41625454.285 2442270.363 26469334.129 549157.421 922188.921 1050340.204
37 171.296 175.926 173.611 55.000 55.000 3025.000 93.363 1.018 762552.063 41625454.285 2442270.363 26469334.129 549157.421 922188.921 1050340.204
38 175.926 180.556 178.241 55.000 55.000 3025.000 93.363 1.018 762552.063 41625454.285 2442270.363 26469334.129 549157.421 922188.921 1050340.204
39 180.556 185.185 182.870 55.000 55.000 3025.000 93.363 1.018 762552.063 41625454.285 2442270.363 26469334.129 549157.421 922188.921 1050340.204
40 185.185 189.815 187.500 55.000 55.000 3025.000 93.363 1.018 762552.063 41625454.285 2442270.363 26469334.129 549157.421 922188.921 1050340.204
41 189.815 194.444 192.130 55.000 55.000 3025.000 93.363 1.018 762552.063 41625454.285 2442270.363 26469334.129 549157.421 922188.921 1050340.204
42 194.444 199.074 196.759 55.000 55.000 3025.000 93.363 1.018 762552.063 41625454.285 2442270.363 26469334.129 549157.421 922188.921 1050340.204
43 199.074 203.704 201.389 55.000 55.000 3025.000 93.363 1.018 762552.063 41625454.285 2442270.363 26469334.129 549157.421 922188.921 1050340.204
44 203.704 208.333 206.019 55.000 55.000 3025.000 93.363 1.018 762552.063 41625454.285 2442270.363 26469334.129 549157.421 922188.921 1050340.204
45 208.333 212.963 210.648 55.000 55.000 3025.000 93.363 1.018 762552.063 41625454.285 2442270.363 26469334.129 549157.421 922188.921 1050340.204
46 212.963 217.593 215.278 55.000 55.000 3025.000 93.363 1.018 762552.063 41625454.285 2442270.363 26469334.129 549157.421 922188.921 1050340.204
47 217.593 222.222 219.907 55.000 55.000 3025.000 93.363 1.018 762552.063 41625454.285 2442270.363 26469334.129 549157.421 922188.921 1050340.204
48 222.222 226.852 224.537 55.000 55.000 3025.000 93.363 1.018 762552.063 41625454.285 2442270.363 26469334.129 549157.421 922188.921 1050340.204
49 226.852 231.481 229.167 55.000 55.000 3025.000 93.363 1.018 762552.063 41625454.285 2442270.363 26469334.129 549157.421 922188.921 1050340.204
50 231.481 236.111 233.796 55.000 55.000 3025.000 93.363 1.018 762552.063 41625454.285 2442270.363 26469334.129 549157.421 922188.921 1050340.204
51 236.111 240.741 238.426 55.000 55.000 3025.000 93.363 1.018 762552.063 41625454.285 2442270.363 26469334.129 549157.421 922188.921 1050340.204
52 240.741 245.370 243.056 55.000 55.000 3025.000 93.363 1.018 762552.063 41625454.285 2442270.363 26469334.129 549157.421 922188.921 1050340.204
53 245.370 250.000 247.685 55.000 55.000 3025.000 93.363 1.018 762552.063 41625454.285 2442270.363 26469334.129 549157.421 922188.921 1050340.204
